q.Mass=1570.0670142009947
q.MaxBreak=825724.5697925326
