patient.BodyRegulation=0.5242448879296606
patient.GSetpoint=116.4887400508345
patient.Food2Sugar=5.813834114953256
