q.Mass=1247.7756466189514
q.MaxBreak=1193126.8454921779
u.b=2.1816128513307635
